145
1529 1225 0.3747
615 2298 0.3584
1213 645 0.3458
596 2316 0.3411
1527 1372 0.3372
593 2291 0.3346
612 1906 0.3305
970 1480 0.3294
1034 1423 0.3287
561 2203 0.3190
576 2251 0.3169
649 1995 0.3162
543 2068 0.3134
272 675 0.3113
817 650 0.3035
1340 878 0.3027
1308 644 0.3016
1504 2436 0.3008
760 1735 0.2984
1328 2296 0.2975
1227 2470 0.2938
1520 2483 0.2934
626 2292 0.2919
555 2273 0.2888
1501 966 0.2886
971 1714 0.2876
610 2310 0.2837
938 1437 0.2836
1003 1713 0.2835
570 1939 0.2818
1360 1580 0.2804
822 1142 0.2800
1515 861 0.2798
1233 644 0.2773
599 1905 0.2759
1293 1721 0.2746
267 865 0.2735
595 2295 0.2690
1029 1400 0.2661
596 2320 0.2643
1314 2267 0.2642
262 688 0.2639
1501 2480 0.2626
1114 939 0.2623
574 2254 0.2617
1245 645 0.2603
805 1062 0.2593
518 2102 0.2583
676 654 0.2573
1521 914 0.2563
918 1405 0.2548
274 1898 0.2541
490 2227 0.2531
563 1970 0.2530
539 1947 0.2517
907 1411 0.2502
1521 969 0.2491
1419 2129 0.2395
568 2265 0.2353
1246 2454 0.2353
1389 955 0.2346
1207 1357 0.2338
256 1431 0.2304
1418 1079 0.2298
662 1084 0.2293
1194 1495 0.2292
1404 1190 0.2291
1462 1156 0.2274
1093 1508 0.2265
262 1496 0.2257
548 2101 0.2255
245 1019 0.2253
1430 952 0.2250
1508 982 0.2247
932 627 0.2225
663 1087 0.2221
251 1483 0.2197
251 1516 0.2193
966 628 0.2185
1511 2154 0.2183
269 1523 0.2174
266 1507 0.2173
1272 618 0.2161
524 2395 0.2160
1535 1272 0.2150
1430 2508 0.2137
1460 860 0.2123
663 1103 0.2119
1339 628 0.2106
594 1968 0.2096
620 1922 0.2095
1429 850 0.2090
1561 686 0.2071
254 1111 0.2064
1202 624 0.2049
1354 1271 0.2031
1562 1113 0.2030
1461 946 0.2025
367 902 0.2020
1385 1054 0.2020
1337 949 0.2017
1353 1295 0.2009
264 1222 0.2007
635 1185 0.2004
255 982 0.2003
1568 1662 0.1998
1593 715 0.1995
1338 1056 0.1978
603 2044 0.1973
1256 1497 0.1969
1367 2507 0.1961
1080 1379 0.1955
916 1313 0.1949
245 652 0.1947
585 1989 0.1944
673 631 0.1941
933 642 0.1940
1094 1486 0.1926
1456 2507 0.1922
667 957 0.1922
1580 1218 0.1912
1317 1277 0.1912
1142 1484 0.1904
1368 1077 0.1896
1483 2508 0.1893
1042 1214 0.1888
1531 1531 0.1883
1575 752 0.1881
1330 618 0.1879
583 2276 0.1870
1060 1209 0.1844
1522 2507 0.1837
1559 2402 0.1836
1541 2415 0.1831
1529 2244 0.1831
1516 2378 0.1823
1236 1074 0.1798
299 660 0.1794
1250 634 0.1775
1040 1217 0.1773
1569 2579 0.1757
843 1419 0.1713
1594 1295 0.1674
1327 627 0.1643
1586 1321 0.1598
