395
765 3384 0.4366
356 3531 0.4272
1142 3517 0.4056
1235 3599 0.4033
627 3705 0.3915
1158 3512 0.3861
288 3515 0.3792
1360 3438 0.3790
1362 3664 0.3786
1239 3604 0.3722
419 3552 0.3684
432 3511 0.3658
942 3687 0.3642
426 3526 0.3642
400 3522 0.3615
1305 3624 0.3614
426 3580 0.3612
1282 3622 0.3607
617 3554 0.3567
752 3502 0.3566
551 3555 0.3558
1330 3398 0.3558
433 3592 0.3542
1328 3387 0.3535
730 3557 0.3532
1321 3689 0.3509
811 3443 0.3468
798 3644 0.3425
426 3540 0.3422
688 3548 0.3380
1312 3390 0.3376
431 3497 0.3371
430 3565 0.3360
484 3543 0.3348
1339 3599 0.3338
782 3643 0.3323
529 3556 0.3303
289 3545 0.3296
384 3587 0.3279
672 3412 0.3269
357 3593 0.3262
1417 3363 0.3261
792 3705 0.3248
405 3471 0.3247
359 3597 0.3239
1349 3646 0.3238
1111 3540 0.3238
520 3631 0.3235
601 3570 0.3234
714 3591 0.3226
919 3425 0.3221
613 3713 0.3205
432 3611 0.3189
1377 3429 0.3183
785 3484 0.3163
761 3688 0.3149
287 3486 0.3146
290 3588 0.3133
1162 3507 0.3123
1386 3606 0.3114
714 3537 0.3105
387 3535 0.3097
1270 3600 0.3094
409 3627 0.3093
845 3644 0.3079
710 3559 0.3071
736 3539 0.3065
368 3524 0.3065
1399 3607 0.3053
1581 3363 0.3040
882 3768 0.2996
827 3428 0.2993
843 3424 0.2984
926 3345 0.2981
440 3458 0.2967
730 3591 0.2966
735 3524 0.2963
978 3689 0.2961
657 3716 0.2960
956 3767 0.2957
843 3656 0.2951
780 3435 0.2934
924 3723 0.2934
1170 3700 0.2932
828 3653 0.2912
1167 3585 0.2880
1321 3693 0.2878
1320 3628 0.2871
626 3708 0.2867
1453 3701 0.2855
711 3400 0.2843
1156 3593 0.2836
509 3499 0.2829
1615 3367 0.2823
554 3558 0.2822
797 3698 0.2820
743 3552 0.2814
740 3555 0.2813
1192 3697 0.2809
427 3628 0.2791
1364 3407 0.2779
431 3550 0.2772
1561 3392 0.2769
658 3601 0.2764
546 3466 0.2760
958 3423 0.2758
1071 3704 0.2757
1266 3603 0.2755
429 3586 0.2751
1208 3694 0.2737
519 3472 0.2715
405 3580 0.2715
566 3501 0.2713
934 3734 0.2698
530 3463 0.2688
282 3155 0.2671
508 3572 0.2665
849 3763 0.2654
778 3495 0.2651
1648 3730 0.2628
574 3556 0.2619
844 3428 0.2609
1347 3702 0.2599
617 3359 0.2587
287 3416 0.2587
461 3536 0.2585
1474 3616 0.2583
1391 3609 0.2580
848 3657 0.2579
550 3541 0.2579
928 3436 0.2572
559 3572 0.2570
985 3693 0.2570
496 3488 0.2564
809 3662 0.2554
591 3710 0.2553
1096 3704 0.2553
1375 3393 0.2528
558 3576 0.2523
458 3546 0.2522
919 3773 0.2518
985 3360 0.2516
423 3605 0.2514
1559 3367 0.2513
1402 3611 0.2509
691 3736 0.2490
271 3503 0.2490
767 3359 0.2476
963 3704 0.2472
1357 3660 0.2470
376 3511 0.2465
769 3757 0.2464
483 3547 0.2464
690 3739 0.2459
1129 3590 0.2458
692 3551 0.2456
621 3554 0.2451
273 3505 0.2448
844 3588 0.2445
557 3502 0.2445
831 3641 0.2442
1235 3646 0.2429
768 3632 0.2424
1212 3393 0.2423
1059 3400 0.2422
601 3465 0.2413
1051 3698 0.2412
542 3467 0.2407
276 3375 0.2405
967 3680 0.2403
832 3475 0.2402
1349 3394 0.2394
872 3508 0.2392
614 3587 0.2385
1303 3463 0.2377
873 3451 0.2367
1526 3370 0.2348
687 3708 0.2345
1080 3699 0.2343
1298 3452 0.2339
528 3535 0.2333
1098 3391 0.2328
812 3761 0.2327
1059 3651 0.2322
846 3641 0.2322
757 3595 0.2321
1502 3370 0.2318
1607 3405 0.2318
1579 3375 0.2312
1255 3617 0.2308
1389 3405 0.2306
1637 3661 0.2302
367 3501 0.2300
669 3345 0.2296
1607 3349 0.2294
1310 3463 0.2293
1476 3672 0.2290
1606 3394 0.2284
984 3645 0.2280
1271 3685 0.2276
1368 3703 0.2275
1518 3374 0.2275
287 3470 0.2273
507 3578 0.2272
1291 3439 0.2266
743 3689 0.2266
1581 3391 0.2265
467 3572 0.2262
271 3516 0.2251
1288 3665 0.2250
285 3202 0.2245
819 3682 0.2239
1646 3713 0.2239
1377 3662 0.2238
1347 3699 0.2226
1092 3553 0.2219
1291 3642 0.2216
1455 3621 0.2211
879 3440 0.2209
843 3613 0.2198
1204 3426 0.2189
278 3638 0.2189
1534 3646 0.2189
1138 3416 0.2187
946 3419 0.2181
723 3500 0.2180
734 3461 0.2178
866 3708 0.2177
484 3486 0.2173
787 3645 0.2172
274 3429 0.2170
886 3759 0.2168
624 3572 0.2162
910 3379 0.2161
1601 3377 0.2160
1459 3407 0.2158
1114 3619 0.2154
822 3337 0.2153
778 3685 0.2152
274 3398 0.2152
1580 3467 0.2151
1502 3617 0.2149
1551 3666 0.2149
742 3624 0.2149
1248 3434 0.2138
865 3427 0.2137
480 3568 0.2136
838 3534 0.2135
1610 3668 0.2131
1505 3645 0.2129
1041 3665 0.2127
1579 3360 0.2124
969 3357 0.2121
864 4069 0.2121
802 3519 0.2119
1217 3419 0.2112
970 3746 0.2111
870 3485 0.2106
1250 3648 0.2104
1504 3374 0.2096
1558 3641 0.2094
830 3758 0.2094
1432 3606 0.2094
753 3644 0.2088
486 3465 0.2086
1478 3696 0.2079
1302 3617 0.2078
1426 3670 0.2076
1578 3679 0.2074
1158 3391 0.2074
1642 3257 0.2072
1243 3656 0.2071
825 3531 0.2068
1604 3631 0.2068
953 3389 0.2068
1276 3400 0.2065
955 3402 0.2065
659 3741 0.2065
790 3352 0.2064
877 3562 0.2062
1415 3385 0.2062
1080 3571 0.2061
628 3403 0.2060
1267 3655 0.2058
1318 3671 0.2050
1464 3673 0.2046
638 3364 0.2045
939 3394 0.2042
815 3757 0.2041
601 3386 0.2041
1256 3693 0.2040
827 3520 0.2036
278 3450 0.2031
786 3376 0.2030
1415 3406 0.2026
1599 3462 0.2016
772 3700 0.2007
1623 3604 0.2002
791 3367 0.2001
1625 3344 0.1999
1050 3405 0.1998
1231 3422 0.1998
1202 3408 0.1994
1392 3657 0.1991
279 3600 0.1987
1285 3458 0.1986
989 3390 0.1986
849 3698 0.1984
1280 4254 0.1982
1267 3422 0.1975
1390 3401 0.1970
1307 3415 0.1970
701 3699 0.1969
1541 3622 0.1966
282 3332 0.1966
1593 3623 0.1965
826 3358 0.1960
1560 3582 0.1954
510 3502 0.1953
1531 3658 0.1946
590 3644 0.1943
738 3480 0.1942
1611 3438 0.1942
1630 3701 0.1941
624 3372 0.1939
554 3454 0.1931
528 3531 0.1930
1340 3616 0.1927
1276 3435 0.1924
849 3688 0.1923
952 3718 0.1918
451 3473 0.1918
1582 3589 0.1917
1252 3397 0.1916
520 3609 0.1915
1485 3407 0.1910
1610 3451 0.1910
1557 3364 0.1904
1626 3444 0.1904
289 3648 0.1903
1549 3427 0.1902
1596 3682 0.1901
1005 3733 0.1898
477 3503 0.1895
958 3756 0.1893
1326 3610 0.1892
594 3661 0.1890
847 3504 0.1888
829 3382 0.1886
673 3436 0.1884
1549 3679 0.1883
1447 3632 0.1882
728 3397 0.1881
277 3644 0.1879
827 4111 0.1873
940 3383 0.1872
279 3393 0.1872
1434 3411 0.1872
729 3385 0.1860
1112 3390 0.1853
820 3712 0.1850
1292 4248 0.1850
713 3362 0.1844
1598 3599 0.1841
1629 3753 0.1839
1563 3580 0.1829
1486 3636 0.1827
1597 3669 0.1826
1262 3637 0.1815
1609 3606 0.1810
1627 3757 0.1809
1048 3549 0.1809
881 3579 0.1794
882 3719 0.1778
772 3754 0.1776
1572 3434 0.1756
1448 3465 0.1750
950 3665 0.1737
1483 3410 0.1734
1418 3453 0.1729
742 3714 0.1714
564 3617 0.1713
1242 3450 0.1711
872 3597 0.1709
1609 3610 0.1704
1490 3763 0.1699
1554 3427 0.1694
465 3458 0.1686
1630 3363 0.1674
1558 3517 0.1669
665 3436 0.1641
1540 3714 0.1598
983 3747 0.1589
765 3715 0.1554
1630 3435 0.1502
