269
621 1073 16.5117
620 923 16.2929
622 1091 15.6515
623 1107 15.5887
658 1055 15.1822
534 1995 15.1184
587 1047 14.9713
587 1006 14.6420
587 981 14.5011
592 931 14.4847
688 1972 14.1953
588 1091 14.0343
621 1020 14.0215
602 2133 13.9247
594 1167 13.8760
628 1988 13.8662
623 1158 13.8397
577 1168 13.7980
587 1064 13.7661
582 1027 13.7548
606 2153 13.7138
611 1044 13.6598
569 2255 13.5161
612 1146 13.4273
576 994 13.3967
622 951 13.3232
530 2382 13.2967
629 2138 13.2049
576 1011 13.1528
656 963 13.1410
648 1952 13.1304
612 1120 12.9980
621 905 12.8670
582 1060 12.8652
622 1038 12.8308
625 901 12.8025
594 1131 12.7964
628 1129 12.7857
668 1960 12.7484
577 1097 12.7449
657 1021 12.7338
587 883 12.7176
519 2429 12.7146
653 1963 12.6477
626 955 12.6108
622 1057 12.6020
592 994 12.4951
610 947 12.3995
611 1086 12.3054
646 1060 12.3014
596 1988 12.2540
613 1939 12.2056
548 1973 12.1795
453 2379 12.0627
616 986 12.0607
674 1956 12.0474
586 1968 11.9984
697 1933 11.9429
588 2246 11.9360
525 2385 11.9094
510 1999 11.7598
526 2079 11.7487
662 1025 11.7255
599 1027 11.6926
589 1136 11.6451
659 2129 11.6201
590 1172 11.5622
645 1017 11.5063
653 1967 11.5059
662 968 11.4589
520 2406 11.3941
529 2051 11.3911
551 2169 11.3425
685 1976 11.3333
892 1291 11.2540
646 1099 11.2505
451 2222 11.2202
438 2210 11.1175
557 1982 11.0694
568 2000 10.9989
559 2289 10.9752
875 1352 10.9144
517 2043 10.8946
565 1959 10.8401
671 1516 10.8069
480 2355 10.7526
562 2181 10.7443
615 885 10.7366
577 968 10.7327
594 1150 10.7307
685 2209 10.7290
545 2102 10.7194
682 2213 10.7188
437 2119 10.7160
450 2303 10.7131
576 889 10.7073
562 2303 10.6108
941 1277 10.6004
777 1124 10.5935
457 2260 10.5914
443 2286 10.5741
692 1987 10.5609
571 2200 10.5547
581 864 10.5409
572 2286 10.5294
615 1943 10.5190
556 1969 10.5014
522 2048 10.4701
583 1182 10.4414
662 1001 10.4354
797 1344 10.3958
546 2342 10.3660
642 2119 10.3607
582 927 10.3248
627 2125 10.3094
563 2335 10.3042
571 1966 10.3003
627 1000 10.2883
592 904 10.1845
861 1489 10.1753
823 1429 10.1529
641 1721 10.1490
872 1489 10.1325
575 2271 10.1227
493 2391 10.0763
700 1689 10.0695
684 2195 10.0524
628 1124 10.0486
917 1252 10.0346
629 2231 10.0345
459 2328 10.0339
799 1361 10.0130
489 2370 10.0061
838 1489 10.0033
473 2055 10.0030
800 1341 9.9964
595 1963 9.9764
647 1717 9.9719
591 1147 9.9559
941 1265 9.9442
542 2126 9.9237
648 2148 9.9185
630 2246 9.9178
642 2153 9.9066
865 1331 9.8965
636 2117 9.8880
899 1265 9.8542
640 1635 9.8385
533 2085 9.8341
651 1089 9.8289
581 979 9.7889
471 2069 9.7715
835 1077 9.7281
819 1325 9.7110
817 1487 9.7020
644 2232 9.6787
593 982 9.6481
654 1638 9.6311
869 1262 9.6276
462 2243 9.6034
443 2181 9.6021
455 2226 9.5965
671 1596 9.5672
640 1601 9.5486
896 1490 9.5403
662 983 9.5357
536 2124 9.5356
449 2106 9.5095
662 2147 9.4927
573 1994 9.4887
879 1333 9.4475
583 2223 9.4391
451 2366 9.3861
442 2160 9.3753
642 1581 9.3645
537 2113 9.3362
320 795 9.3306
455 2267 9.3182
685 2229 9.3168
428 2142 9.3118
793 1094 9.3093
804 1391 9.2943
769 1096 9.2941
811 1443 9.2888
670 2254 9.2778
555 2129 9.2750
925 1288 9.2681
998 1748 9.2497
713 1684 9.2411
444 2213 9.2058
458 2350 9.1943
561 2146 9.1876
575 2207 9.1797
623 976 9.1484
656 1613 9.1305
655 1559 9.1179
805 1372 9.1064
661 2113 9.1017
549 2126 9.0731
920 1333 9.0700
630 1946 9.0659
693 1939 9.0648
809 1417 9.0392
553 1998 9.0283
533 1892 9.0237
472 2363 9.0188
568 2318 8.9875
481 2351 8.9814
614 2135 8.8951
863 1431 8.8916
440 2115 8.8895
895 1335 8.8768
808 1252 8.8488
459 2342 8.8349
942 1438 8.8278
852 1529 8.7920
559 2339 8.7825
580 916 8.7708
841 1528 8.7336
698 1596 8.7323
922 1492 8.7065
544 2352 8.6994
923 1436 8.6987
559 2155 8.6865
594 1026 8.6715
462 2250 8.6456
799 1076 8.6397
697 1550 8.5854
525 2420 8.5837
897 1214 8.5675
700 1725 8.5259
805 1466 8.5185
687 2283 8.5106
540 2366 8.5091
565 2309 8.4961
786 1397 8.4896
901 1434 8.4655
283 798 8.4598
790 1415 8.4126
812 1490 8.4078
666 1521 8.3969
652 1688 8.3717
536 1974 8.3379
581 910 8.3082
957 1357 8.3074
743 1181 8.2747
678 2127 8.2735
1081 2329 8.2734
838 1073 8.2491
878 1392 8.1997
820 1625 8.1976
524 2321 8.1790
521 2277 8.1757
680 2233 8.1624
690 2089 8.1557
992 1432 8.1393
989 1371 8.1285
521 2353 8.1013
814 1766 8.0891
930 1496 8.0844
632 2152 8.0569
841 1621 8.0557
648 1655 8.0418
956 1582 8.0364
731 1650 8.0253
614 1989 8.0230
895 1613 8.0221
747 1157 8.0180
794 1433 8.0136
