102
2666 2091 0.2766
2692 2110 0.2717
2074 1749 0.2673
2806 1957 0.2615
2489 1534 0.2593
2079 1754 0.2582
2081 1558 0.2552
2638 2134 0.2517
2870 1893 0.2513
2513 1684 0.2419
2871 1954 0.2403
2874 2178 0.2382
2634 2091 0.2367
2863 1829 0.2351
2608 1705 0.2333
2866 1973 0.2286
2527 1138 0.2236
1660 1589 0.2233
1832 1832 0.2230
1859 1837 0.2223
2632 2119 0.2198
2188 616 0.2188
2667 2054 0.2182
2863 1778 0.2167
2851 2412 0.2163
2638 1994 0.2162
2598 1701 0.2136
2700 1839 0.2134
2667 2024 0.2122
1994 607 0.2120
2073 1588 0.2118
2686 2207 0.2090
2675 1936 0.2088
2669 1821 0.2086
2692 2046 0.2085
1948 601 0.2081
2127 1589 0.2058
2603 1568 0.2053
2070 1555 0.2052
2862 2411 0.2052
2541 1714 0.2051
2663 1866 0.2046
2667 2068 0.2042
2663 2145 0.2041
1981 602 0.2036
2162 1574 0.2018
2684 2092 0.2012
2868 2521 0.2007
2673 1914 0.1999
2499 1356 0.1994
2813 1930 0.1988
2662 2245 0.1982
2575 1823 0.1981
2572 1553 0.1969
2518 1687 0.1965
2664 2214 0.1953
2699 2247 0.1948
1645 666 0.1946
2184 1378 0.1938
2672 2255 0.1936
2569 1827 0.1933
2527 1736 0.1931
2527 1213 0.1930
2146 629 0.1930
2641 1891 0.1928
2202 1583 0.1928
2636 2054 0.1907
2062 1563 0.1906
1654 1557 0.1901
1645 693 0.1898
2546 1580 0.1894
2382 1528 0.1893
2704 1890 0.1871
2505 616 0.1870
2596 1591 0.1845
2389 1396 0.1837
2218 1366 0.1835
2521 1457 0.1835
2552 1718 0.1833
2639 1916 0.1809
2681 2150 0.1794
2648 2247 0.1786
1979 631 0.1781
1810 1686 0.1767
2672 2220 0.1767
2103 1411 0.1743
2172 1527 0.1740
2144 1394 0.1731
2156 1389 0.1729
2677 2195 0.1725
2564 1761 0.1719
1810 1683 0.1708
2539 1572 0.1699
2589 1766 0.1690
2094 1563 0.1678
2866 1826 0.1657
2216 1730 0.1644
2520 1493 0.1630
2392 1543 0.1618
2527 1717 0.1601
2703 1932 0.1599
2595 1594 0.1533
