266
911 3642 18.2173
869 3150 17.2392
786 3617 16.2661
766 3625 15.7997
404 3597 15.7415
700 3372 15.5837
758 3589 15.5274
505 3501 15.3511
722 3478 14.9442
882 3693 14.4513
892 3710 14.3288
651 3492 14.2961
560 3542 13.9191
698 3483 13.9013
677 3550 13.8228
566 3531 13.5067
620 3545 13.4994
993 3688 13.4911
770 3620 13.4801
785 3710 13.4710
872 3361 13.4702
1070 3501 13.3384
641 3546 13.2653
729 3587 13.2344
586 3541 13.2163
1230 3432 13.1833
709 3552 13.1397
350 3496 13.1211
1313 3618 13.0508
752 3439 12.9985
864 3343 12.6546
585 3507 12.6226
877 3636 12.6145
469 3494 12.6016
979 3334 12.4918
375 3521 12.3270
711 3263 12.2027
936 3647 12.1407
1197 3441 12.0719
708 3472 12.0682
1251 3645 11.9697
383 3587 11.9559
472 3535 11.9523
394 3520 11.9315
685 3502 11.8940
1212 3437 11.8679
701 3509 11.8247
703 3570 11.8219
636 3691 11.8115
602 3318 11.7968
612 3298 11.7556
493 3506 11.7005
967 3583 11.6954
419 3520 11.6655
1299 3633 11.6624
666 3503 11.6083
730 3286 11.5837
719 3322 11.5731
783 3377 11.5555
512 3402 11.5414
996 3698 11.4762
605 3507 11.4731
769 3541 11.3833
521 3623 11.3607
358 3510 11.3557
971 3663 11.3403
558 3517 11.3043
982 3662 11.2942
989 3345 11.2548
395 3502 11.2477
732 3346 11.2422
746 3499 11.1925
348 3532 11.1769
567 3676 11.1362
976 3660 11.1341
740 3635 11.1183
1213 3343 11.0764
765 3582 10.9643
628 3299 10.8839
312 3531 10.8631
481 3495 10.8500
533 3531 10.8487
394 3488 10.8468
756 3604 10.8418
806 3262 10.7375
939 3677 10.7318
624 3495 10.7245
323 3525 10.7203
1314 3386 10.6919
330 3479 10.6662
790 3261 10.6288
547 3531 10.6010
1148 3345 10.4696
991 3669 10.4234
725 3450 10.4032
1049 3542 10.3858
1327 3621 10.3854
727 3590 10.3174
859 3350 10.2670
434 3491 10.2268
991 3676 10.2003
745 3657 10.1575
651 3284 10.1492
688 3511 10.1408
1098 3478 10.1332
979 3324 10.0634
1311 3399 10.0526
737 3436 10.0404
781 3541 10.0229
640 3699 10.0221
626 3698 10.0156
1037 3478 9.9593
1327 3361 9.9368
679 3694 9.9186
495 3511 9.9148
930 3665 9.8687
1121 3527 9.8263
700 3461 9.8157
905 3642 9.8018
954 3723 9.7990
802 3494 9.7613
1077 3338 9.7561
955 3669 9.6563
582 3501 9.6195
532 3465 9.6194
664 3697 9.6155
1083 3512 9.6033
1044 3341 9.5484
811 3307 9.4479
526 3529 9.4361
890 3657 9.4006
1265 3421 9.3698
855 3309 9.3682
1247 3336 9.3094
912 3295 9.3039
875 3691 9.3024
1048 3646 9.2976
718 3336 9.2800
773 3374 9.2673
755 3374 9.2669
743 3373 9.2646
568 3680 9.2590
647 3490 9.2464
768 3500 9.2418
729 3373 9.2345
586 3662 9.2075
343 3511 9.1962
447 3489 9.1866
864 3326 9.1802
366 3579 9.1763
1032 3544 9.1703
923 3301 9.1684
733 3339 9.1584
937 3304 9.1500
869 3296 9.1402
948 3721 9.1252
890 3643 9.1214
399 3565 9.1211
361 3420 9.1198
708 3536 9.1184
371 3476 9.1173
1186 3345 9.1155
292 3513 9.1101
930 3725 9.1068
940 3301 9.0547
347 3493 9.0476
483 3492 9.0404
692 3536 9.0202
584 3686 9.0003
519 3401 8.9719
965 3718 8.9427
790 3597 8.9241
970 3313 8.9029
1093 3649 8.8971
377 3586 8.8864
460 3593 8.8773
730 3376 8.8618
978 3716 8.8475
804 3549 8.8440
706 3285 8.8437
378 3416 8.8418
1187 3541 8.8367
1105 3339 8.8221
826 3610 8.8089
670 3700 8.8077
703 3512 8.8058
1175 3539 8.7987
1044 3545 8.7760
732 3333 8.7621
1139 3465 8.7615
586 3292 8.7438
423 3562 8.7384
851 3370 8.7294
1032 3476 8.7172
815 3636 8.7138
1414 3317 8.7065
1148 3537 8.7009
579 3299 8.6947
745 3676 8.6664
630 3281 8.6559
1144 3533 8.6515
639 3558 8.6425
612 3695 8.6303
1100 3517 8.5877
709 3310 8.5834
456 3518 8.5561
1125 3531 8.5554
951 3308 8.5497
919 3613 8.5493
1074 3367 8.5491
1309 3938 8.5485
591 3684 8.5402
518 3364 8.5364
924 3722 8.5283
1074 3495 8.5158
514 3366 8.5073
1321 3601 8.5063
893 3723 8.5029
726 3477 8.4877
912 3726 8.4781
743 3663 8.4697
870 3284 8.4588
323 3541 8.4507
789 3308 8.4305
954 3674 8.4298
1097 3520 8.3755
528 3508 8.3666
676 3511 8.3567
438 3486 8.3462
1086 3366 8.3456
563 3528 8.3390
944 3644 8.3387
796 3639 8.3344
864 3367 8.3313
643 3659 8.3151
1276 3423 8.3147
899 3727 8.3003
1170 3542 8.2997
862 3720 8.2971
810 3613 8.2963
1027 3340 8.2931
381 3538 8.2873
762 3378 8.2721
687 3539 8.2710
684 3493 8.2666
629 3285 8.2253
299 3510 8.2027
1201 3544 8.1978
1290 3320 8.1857
549 3547 8.1689
526 3642 8.1409
1354 3315 8.1356
565 3516 8.1239
757 3439 8.1133
586 3552 8.1083
525 3340 8.1046
760 3602 8.0973
730 3310 8.0649
1196 3547 8.0563
600 3692 8.0523
1003 3477 8.0399
1071 3649 8.0383
1205 3443 8.0346
1264 3649 8.0341
1309 3317 8.0203
410 3483 8.0069
