45
221 233 710.0022
226 190 671.1400
116 160 605.7490
111 227 590.9144
196 131 585.6221
178 44 574.6418
196 173 569.5886
87 145 567.7894
121 198 556.5031
211 139 555.7142
123 177 555.3075
103 150 554.2994
76 72 550.0549
98 208 549.9829
74 165 549.7786
205 102 549.5875
238 141 549.0721
166 219 548.3844
130 138 547.2327
85 27 546.7557
141 222 546.7374
172 28 543.3569
157 193 543.1010
74 113 541.3335
71 181 541.0204
240 58 538.7250
104 58 538.1965
94 185 538.0661
189 89 537.9618
119 28 532.0825
185 193 518.6848
238 190 515.0210
236 81 507.2882
177 45 505.3445
233 112 501.7304
198 29 498.4716
127 70 495.5493
240 58 495.0915
225 207 493.1602
152 87 490.2740
101 81 484.4059
216 153 465.7593
197 30 445.2773
145 29 441.4272
193 44 438.9672
