   3.6640000000000000e+03	   9.4400000000000000e+02	   7.2584625000000000e+04	
   3.6940000000000000e+03	   9.7600000000000000e+02	   4.4975414062500000e+04	
   3.6820000000000000e+03	   9.7700000000000000e+02	   3.0759261718750000e+04	
   1.1500000000000000e+03	   5.8900000000000000e+02	   3.0355789062500000e+04	
   3.5040000000000000e+03	   1.0930000000000000e+03	   2.8731476562500000e+04	
   3.3620000000000000e+03	   8.6500000000000000e+02	   2.8348501953125000e+04	
   1.2520000000000000e+03	   8.0700000000000000e+02	   2.7168017578125000e+04	
   3.7010000000000000e+03	   9.9300000000000000e+02	   2.7037675781250000e+04	
   3.5600000000000000e+03	   4.1100000000000000e+02	   2.5942072265625000e+04	
   3.5830000000000000e+03	   3.8400000000000000e+02	   2.5181976562500000e+04	
   3.6690000000000000e+03	   9.8300000000000000e+02	   2.4677316406250000e+04	
   9.8400000000000000e+02	   6.5700000000000000e+02	   2.4569103515625000e+04	
   3.4100000000000000e+03	   4.0100000000000000e+02	   2.4262466796875000e+04	
   1.1770000000000000e+03	   5.8900000000000000e+02	   2.3746511718750000e+04	
   3.3280000000000000e+03	   9.7700000000000000e+02	   2.3244750000000000e+04	
   3.7110000000000000e+03	   7.5500000000000000e+02	   2.3239111328125000e+04	
   9.5800000000000000e+02	   6.5500000000000000e+02	   2.3089787109375000e+04	
   3.5340000000000000e+03	   3.1600000000000000e+02	   2.2998636718750000e+04	
   8.9200000000000000e+02	   6.2100000000000000e+02	   2.2696443359375000e+04	
   3.4690000000000000e+03	   3.1400000000000000e+02	   2.2220843750000000e+04	
   3.5060000000000000e+03	   1.0810000000000000e+03	   2.1904257812500000e+04	
   1.1260000000000000e+03	   6.2100000000000000e+02	   2.1584996093750000e+04	
   9.7000000000000000e+02	   5.8100000000000000e+02	   2.1532302734375000e+04	
   8.7000000000000000e+02	   5.8000000000000000e+02	   2.1115734375000000e+04	
   1.0690000000000000e+03	   5.8900000000000000e+02	   2.0635595703125000e+04	
   3.6750000000000000e+03	   8.9000000000000000e+02	   2.0511267578125000e+04	
   1.9460000000000000e+03	   6.2100000000000000e+02	   2.0501509765625000e+04	
   1.9870000000000000e+03	   5.4900000000000000e+02	   2.0446837890625000e+04	
   1.9570000000000000e+03	   6.1800000000000000e+02	   2.0444625000000000e+04	
   3.6410000000000000e+03	   7.5700000000000000e+02	   2.0440718750000000e+04	
   1.0890000000000000e+03	   5.8300000000000000e+02	   2.0366517578125000e+04	
   1.9650000000000000e+03	   5.6300000000000000e+02	   2.0210345703125000e+04	
   1.0080000000000000e+03	   6.5700000000000000e+02	   2.0039203125000000e+04	
   3.6310000000000000e+03	   7.7900000000000000e+02	   2.0013013671875000e+04	
   3.3580000000000000e+03	   7.4900000000000000e+02	   1.9916855468750000e+04	
   1.0110000000000000e+03	   5.8800000000000000e+02	   1.9568828125000000e+04	
   2.1350000000000000e+03	   6.4100000000000000e+02	   1.9319068359375000e+04	
   1.1540000000000000e+03	   6.2300000000000000e+02	   1.9307572265625000e+04	
   1.1000000000000000e+03	   6.4900000000000000e+02	   1.9257638671875000e+04	
   2.0040000000000000e+03	   5.1000000000000000e+02	   1.9255894531250000e+04	
   1.0060000000000000e+03	   6.2200000000000000e+02	   1.9034208984375000e+04	
   3.3480000000000000e+03	   7.2900000000000000e+02	   1.9016087890625000e+04	
   1.9990000000000000e+03	   5.6300000000000000e+02	   1.8774501953125000e+04	
   3.6390000000000000e+03	   9.8300000000000000e+02	   1.8692871093750000e+04	
   3.6530000000000000e+03	   9.0200000000000000e+02	   1.8361000000000000e+04	
   3.6900000000000000e+03	   9.9600000000000000e+02	   1.7803279296875000e+04	
   3.6000000000000000e+03	   4.0600000000000000e+02	   1.7439970703125000e+04	
   3.3610000000000000e+03	   6.8700000000000000e+02	   1.7397888671875000e+04	
   2.1230000000000000e+03	   6.3400000000000000e+02	   1.7342712890625000e+04	
   9.5200000000000000e+02	   5.9100000000000000e+02	   1.7215505859375000e+04	
   1.9820000000000000e+03	   5.3200000000000000e+02	   1.7129228515625000e+04	
   3.6190000000000000e+03	   1.3240000000000000e+03	   1.7108964843750000e+04	
   1.2710000000000000e+03	   8.6800000000000000e+02	   1.6872250000000000e+04	
   3.5410000000000000e+03	   5.2100000000000000e+02	   1.6686101562500000e+04	
   9.3500000000000000e+02	   5.7700000000000000e+02	   1.6464371093750000e+04	
   2.2960000000000000e+03	   5.6200000000000000e+02	   1.6426769531250000e+04	
   9.5200000000000000e+02	   5.7800000000000000e+02	   1.6175864257812500e+04	
   9.4000000000000000e+02	   6.1500000000000000e+02	   1.6027584960937500e+04	
   1.0350000000000000e+03	   5.8800000000000000e+02	   1.6014146484375000e+04	
   1.3240000000000000e+03	   9.8400000000000000e+02	   1.5744203125000000e+04	
   3.4260000000000000e+03	   3.8000000000000000e+02	   1.5730184570312500e+04	
   3.5100000000000000e+03	   4.9200000000000000e+02	   1.5603265625000000e+04	
   1.1780000000000000e+03	   8.4500000000000000e+02	   1.5483931640625000e+04	
   2.2860000000000000e+03	   5.7300000000000000e+02	   1.5384785156250000e+04	
   1.0900000000000000e+03	   5.9400000000000000e+02	   1.5355936523437500e+04	
   2.2510000000000000e+03	   5.7700000000000000e+02	   1.5337577148437500e+04	
   2.1530000000000000e+03	   6.4100000000000000e+02	   1.5172068359375000e+04	
   3.3570000000000000e+03	   8.3800000000000000e+02	   1.5128595703125000e+04	
   3.4760000000000000e+03	   5.2000000000000000e+02	   1.5126213867187500e+04	
   3.5920000000000000e+03	   7.5500000000000000e+02	   1.5100629882812500e+04	
   1.9490000000000000e+03	   6.9400000000000000e+02	   1.5030445312500000e+04	
   2.3950000000000000e+03	   5.2500000000000000e+02	   1.4999829101562500e+04	
   1.5200000000000000e+03	   6.6100000000000000e+02	   1.4950176757812500e+04	
   1.1350000000000000e+03	   5.8400000000000000e+02	   1.4529289062500000e+04	
   3.5240000000000000e+03	   5.6400000000000000e+02	   1.4468349609375000e+04	
   2.1190000000000000e+03	   6.5900000000000000e+02	   1.4321875000000000e+04	
   1.2600000000000000e+03	   8.7100000000000000e+02	   1.4310111328125000e+04	
   1.0880000000000000e+03	   6.6300000000000000e+02	   1.4241526367187500e+04	
   3.3350000000000000e+03	   9.9900000000000000e+02	   1.4111754882812500e+04	
   3.4130000000000000e+03	   9.2300000000000000e+02	   1.4101494140625000e+04	
   3.5450000000000000e+03	   7.0700000000000000e+02	   1.4093773437500000e+04	
   3.3800000000000000e+03	   5.3200000000000000e+02	   1.4058503906250000e+04	
   2.4300000000000000e+03	   5.1800000000000000e+02	   1.4028497070312500e+04	
   1.1660000000000000e+03	   6.2800000000000000e+02	   1.3984595703125000e+04	
   2.1510000000000000e+03	   6.8400000000000000e+02	   1.3939910156250000e+04	
   1.9850000000000000e+03	   5.6700000000000000e+02	   1.3893071289062500e+04	
   9.7100000000000000e+02	   5.9200000000000000e+02	   1.3738624023437500e+04	
   1.0880000000000000e+03	   6.4800000000000000e+02	   1.3592760742187500e+04	
   8.8700000000000000e+02	   5.7800000000000000e+02	   1.3585277343750000e+04	
   1.3310000000000000e+03	   8.8200000000000000e+02	   1.3563980468750000e+04	
   3.4250000000000000e+03	   4.6900000000000000e+02	   1.3494968750000000e+04	
   3.3420000000000000e+03	   7.4100000000000000e+02	   1.3448181640625000e+04	
   9.7900000000000000e+02	   6.2200000000000000e+02	   1.3421562500000000e+04	
   3.5920000000000000e+03	   4.7400000000000000e+02	   1.3416158203125000e+04	
   2.1420000000000000e+03	   6.2400000000000000e+02	   1.3250389648437500e+04	
   2.1200000000000000e+03	   5.4400000000000000e+02	   1.3179045898437500e+04	
   1.9680000000000000e+03	   5.5100000000000000e+02	   1.3168563476562500e+04	
   3.6420000000000000e+03	   9.0300000000000000e+02	   1.3157831054687500e+04	
   2.1900000000000000e+03	   5.7000000000000000e+02	   1.3050673828125000e+04	
   3.3460000000000000e+03	   9.9300000000000000e+02	   1.2863324218750000e+04	
   2.1540000000000000e+03	   6.5500000000000000e+02	   1.2858220703125000e+04	
   9.2100000000000000e+02	   5.8700000000000000e+02	   1.2853225585937500e+04	
   3.5360000000000000e+03	   4.2900000000000000e+02	   1.2751583007812500e+04	
   3.3890000000000000e+03	   7.7000000000000000e+02	   1.2705791992187500e+04	
   2.1250000000000000e+03	   6.7400000000000000e+02	   1.2687330078125000e+04	
   3.3330000000000000e+03	   7.2700000000000000e+02	   1.2638902343750000e+04	
   2.1380000000000000e+03	   5.6100000000000000e+02	   1.2622725585937500e+04	
   1.3220000000000000e+03	   8.0000000000000000e+02	   1.2566750976562500e+04	
   3.5270000000000000e+03	   4.6700000000000000e+02	   1.2389408203125000e+04	
   1.4320000000000000e+03	   8.1400000000000000e+02	   1.2377702148437500e+04	
   2.2720000000000000e+03	   5.8400000000000000e+02	   1.2328068359375000e+04	
   2.3660000000000000e+03	   4.8100000000000000e+02	   1.2317335937500000e+04	
   1.5290000000000000e+03	   6.7200000000000000e+02	   1.2306732421875000e+04	
   3.5400000000000000e+03	   4.4100000000000000e+02	   1.2292955078125000e+04	
   9.9700000000000000e+02	   5.7800000000000000e+02	   1.2290887695312500e+04	
   1.9700000000000000e+03	   5.9900000000000000e+02	   1.2290490234375000e+04	
   3.5400000000000000e+03	   3.9500000000000000e+02	   1.2287437500000000e+04	
   1.0760000000000000e+03	   6.2600000000000000e+02	   1.2081665039062500e+04	
   3.7140000000000000e+03	   8.9200000000000000e+02	   1.1996951171875000e+04	
   9.4000000000000000e+02	   6.2700000000000000e+02	   1.1989219726562500e+04	
   2.2210000000000000e+03	   5.8700000000000000e+02	   1.1983919921875000e+04	
   1.0190000000000000e+03	   6.3000000000000000e+02	   1.1951837890625000e+04	
   2.3070000000000000e+03	   5.6200000000000000e+02	   1.1888318359375000e+04	
   3.2670000000000000e+03	   8.0000000000000000e+02	   1.1795220703125000e+04	
   3.4510000000000000e+03	   4.1000000000000000e+02	   1.1790187500000000e+04	
   3.5040000000000000e+03	   3.3200000000000000e+02	   1.1709344726562500e+04	
   1.9690000000000000e+03	   6.6100000000000000e+02	   1.1705150390625000e+04	
   1.0900000000000000e+03	   6.1500000000000000e+02	   1.1670265625000000e+04	
   3.3510000000000000e+03	   8.6000000000000000e+02	   1.1670104492187500e+04	
   2.0410000000000000e+03	   4.8200000000000000e+02	   1.1669927734375000e+04	
   1.0360000000000000e+03	   6.2700000000000000e+02	   1.1660297851562500e+04	
   1.1210000000000000e+03	   5.8500000000000000e+02	   1.1537367187500000e+04	
   3.6520000000000000e+03	   8.8700000000000000e+02	   1.1504183593750000e+04	
   3.6500000000000000e+03	   1.0490000000000000e+03	   1.1468532226562500e+04	
   3.5110000000000000e+03	   6.7600000000000000e+02	   1.1459869140625000e+04	
   3.6690000000000000e+03	   9.7100000000000000e+02	   1.1451043945312500e+04	
   2.1680000000000000e+03	   5.4500000000000000e+02	   1.1267613281250000e+04	
   2.3260000000000000e+03	   5.5800000000000000e+02	   1.1204577148437500e+04	
   1.6860000000000000e+03	   7.2300000000000000e+02	   1.1136629882812500e+04	
   9.0400000000000000e+02	   5.8700000000000000e+02	   1.1107655273437500e+04	
   1.0210000000000000e+03	   6.5000000000000000e+02	   1.1073462890625000e+04	
   3.2930000000000000e+03	   6.3900000000000000e+02	   1.1035642578125000e+04	
   3.3320000000000000e+03	   6.4200000000000000e+02	   1.1029376953125000e+04	
   3.5580000000000000e+03	   1.2200000000000000e+03	   1.1027927734375000e+04	
   2.1900000000000000e+03	   6.8200000000000000e+02	   1.0928943359375000e+04	
   1.7030000000000000e+03	   7.5700000000000000e+02	   1.0912839843750000e+04	
   2.1530000000000000e+03	   6.0900000000000000e+02	   1.0904836914062500e+04	
   2.1250000000000000e+03	   6.2300000000000000e+02	   1.0849977539062500e+04	
   3.5450000000000000e+03	   3.7600000000000000e+02	   1.0675941406250000e+04	
   3.4830000000000000e+03	   2.9600000000000000e+02	   1.0618595703125000e+04	
   3.5240000000000000e+03	   4.5200000000000000e+02	   1.0583463867187500e+04	
   2.3810000000000000e+03	   4.5400000000000000e+02	   1.0533573242187500e+04	
   3.4840000000000000e+03	   1.0290000000000000e+03	   1.0522265625000000e+04	
   1.9710000000000000e+03	   6.3200000000000000e+02	   1.0461342773437500e+04	
   1.9800000000000000e+03	   6.9300000000000000e+02	   1.0428891601562500e+04	
   4.4930000000000000e+03	   9.6000000000000000e+02	   1.0393441406250000e+04	
   2.2880000000000000e+03	   4.4800000000000000e+02	   1.0373980468750000e+04	
   1.9660000000000000e+03	   5.7500000000000000e+02	   1.0327555664062500e+04	
   3.5440000000000000e+03	   1.0400000000000000e+03	   1.0313144531250000e+04	
   1.9970000000000000e+03	   5.3500000000000000e+02	   1.0309161132812500e+04	
   1.8610000000000000e+03	   5.7500000000000000e+02	   1.0274206054687500e+04	
   2.2840000000000000e+03	   6.9200000000000000e+02	   1.0243030273437500e+04	
   3.5040000000000000e+03	   5.1400000000000000e+02	   1.0231133789062500e+04	
   2.2110000000000000e+03	   4.3700000000000000e+02	   1.0208760742187500e+04	
   3.6340000000000000e+03	   1.1680000000000000e+03	   1.0200351562500000e+04	
   1.0620000000000000e+03	   6.5000000000000000e+02	   1.0188644531250000e+04	
   1.7490000000000000e+03	   6.3600000000000000e+02	   1.0175922851562500e+04	
   2.3500000000000000e+03	   5.5100000000000000e+02	   1.0151675781250000e+04	
   3.4480000000000000e+03	   7.3700000000000000e+02	   1.0127033203125000e+04	
   8.8200000000000000e+02	   5.9100000000000000e+02	   1.0107902343750000e+04	
   3.5300000000000000e+03	   6.1100000000000000e+02	   1.0070875976562500e+04	
   2.3630000000000000e+03	   5.6600000000000000e+02	   1.0013140625000000e+04	
   1.3090000000000000e+03	   8.8700000000000000e+02	   1.0010272460937500e+04	
   3.3380000000000000e+03	   7.1400000000000000e+02	   9.8653457031250000e+03	
   3.6140000000000000e+03	   8.2400000000000000e+02	   9.8649970703125000e+03	
   1.0190000000000000e+03	   6.1800000000000000e+02	   9.7991757812500000e+03	
   2.1450000000000000e+03	   5.4100000000000000e+02	   9.7962177734375000e+03	
   3.5030000000000000e+03	   7.8000000000000000e+02	   9.7458652343750000e+03	
   3.5470000000000000e+03	   1.0510000000000000e+03	   9.7264794921875000e+03	
   3.2710000000000000e+03	   7.1100000000000000e+02	   9.6713994140625000e+03	
   1.5990000000000000e+03	   6.5900000000000000e+02	   9.6353164062500000e+03	
   1.0750000000000000e+03	   6.5900000000000000e+02	   9.5967050781250000e+03	
   2.1330000000000000e+03	   6.0700000000000000e+02	   9.5512851562500000e+03	
   3.4780000000000000e+03	   1.0400000000000000e+03	   9.5412822265625000e+03	
   3.6290000000000000e+03	   7.9600000000000000e+02	   9.5075537109375000e+03	
   3.6180000000000000e+03	   9.5600000000000000e+02	   9.4807509765625000e+03	
   2.1580000000000000e+03	   5.5800000000000000e+02	   9.4275908203125000e+03	
   2.0230000000000000e+03	   4.9800000000000000e+02	   9.3957275390625000e+03	
   3.6240000000000000e+03	   1.3000000000000000e+03	   9.3359736328125000e+03	
   2.1870000000000000e+03	   4.4700000000000000e+02	   9.2953203125000000e+03	
   3.4730000000000000e+03	   3.6800000000000000e+02	   9.2912578125000000e+03	
   1.0930000000000000e+03	   7.8700000000000000e+02	   9.2769794921875000e+03	
   3.6650000000000000e+03	   6.4100000000000000e+02	   9.2491103515625000e+03	
   9.9400000000000000e+02	   6.3900000000000000e+02	   9.2221279296875000e+03	
   3.4720000000000000e+03	   3.9400000000000000e+02	   9.1722802734375000e+03	
   2.2110000000000000e+03	   4.4900000000000000e+02	   9.1668671875000000e+03	
   1.8210000000000000e+03	   5.1000000000000000e+02	   9.1664755859375000e+03	
   1.0370000000000000e+03	   6.3800000000000000e+02	   9.1162578125000000e+03	
   1.1080000000000000e+03	   6.0600000000000000e+02	   9.0618525390625000e+03	
   1.3290000000000000e+03	   8.6900000000000000e+02	   9.0172382812500000e+03	
   3.6390000000000000e+03	   7.4000000000000000e+02	   9.0033417968750000e+03	
   2.1800000000000000e+03	   5.5900000000000000e+02	   9.0032988281250000e+03	
   2.2020000000000000e+03	   5.7700000000000000e+02	   8.9813925781250000e+03	
   2.1730000000000000e+03	   4.4200000000000000e+02	   8.9632519531250000e+03	
   2.3150000000000000e+03	   4.5800000000000000e+02	   8.9361542968750000e+03	
   3.5040000000000000e+03	   7.6900000000000000e+02	   8.8678828125000000e+03	
   1.0420000000000000e+03	   6.5700000000000000e+02	   8.8185302734375000e+03	
   2.2270000000000000e+03	   6.8400000000000000e+02	   8.7333164062500000e+03	
   3.4310000000000000e+03	   7.3800000000000000e+02	   8.7282070312500000e+03	
   1.3330000000000000e+03	   8.9600000000000000e+02	   8.6889804687500000e+03	
   2.0360000000000000e+03	   5.1600000000000000e+02	   8.6835117187500000e+03	
   1.0420000000000000e+03	   5.9900000000000000e+02	   8.5086806640625000e+03	
   3.6960000000000000e+03	   6.6900000000000000e+02	   8.4868769531250000e+03	
   2.0560000000000000e+03	   5.3100000000000000e+02	   8.4497851562500000e+03	
   3.4900000000000000e+03	   3.5000000000000000e+02	   8.3581904296875000e+03	
   2.1040000000000000e+03	   5.4300000000000000e+02	   8.3389101562500000e+03	
   1.7130000000000000e+03	   6.4800000000000000e+02	   8.3281230468750000e+03	
   3.5120000000000000e+03	   6.9200000000000000e+02	   8.3086982421875000e+03	
   3.5070000000000000e+03	   5.7900000000000000e+02	   8.3012216796875000e+03	
   2.1690000000000000e+03	   5.5900000000000000e+02	   8.2956582031250000e+03	
   1.7920000000000000e+03	   8.0400000000000000e+02	   8.2878925781250000e+03	
   3.3390000000000000e+03	   1.2740000000000000e+03	   8.2498457031250000e+03	
   1.9690000000000000e+03	   6.8300000000000000e+02	   8.1982597656250000e+03	
   2.2520000000000000e+03	   4.5800000000000000e+02	   8.1928994140625000e+03	
   3.5310000000000000e+03	   3.4100000000000000e+02	   8.1755083007812500e+03	
   3.5060000000000000e+03	   4.7600000000000000e+02	   8.1607543945312500e+03	
   1.1610000000000000e+03	   6.0300000000000000e+02	   8.1422436523437500e+03	
   3.6670000000000000e+03	   1.0070000000000000e+03	   8.0620166015625000e+03	
   3.6320000000000000e+03	   1.3220000000000000e+03	   8.0011787109375000e+03	
   3.4760000000000000e+03	   4.2200000000000000e+02	   7.9735278320312500e+03	
   2.1690000000000000e+03	   6.7100000000000000e+02	   7.9143784179687500e+03	
   3.3530000000000000e+03	   5.9900000000000000e+02	   7.8883120117187500e+03	
   1.5220000000000000e+03	   6.8400000000000000e+02	   7.8627636718750000e+03	
   9.5100000000000000e+02	   6.1700000000000000e+02	   7.8254687500000000e+03	
   2.2250000000000000e+03	   4.6000000000000000e+02	   7.8036796875000000e+03	
   1.0620000000000000e+03	   6.6300000000000000e+02	   7.7753452148437500e+03	
   9.1300000000000000e+02	   6.1600000000000000e+02	   7.7682548828125000e+03	
   1.1350000000000000e+03	   6.0400000000000000e+02	   7.7671049804687500e+03	
   3.3130000000000000e+03	   8.8300000000000000e+02	   7.7580151367187500e+03	
   3.6350000000000000e+03	   9.3500000000000000e+02	   7.7440561523437500e+03	
   1.2550000000000000e+03	   9.1800000000000000e+02	   7.7358168945312500e+03	
   1.0560000000000000e+03	   6.1800000000000000e+02	   7.7131821289062500e+03	
   3.7010000000000000e+03	   6.3400000000000000e+02	   7.6994345703125000e+03	
   2.3020000000000000e+03	   5.7800000000000000e+02	   7.6955336914062500e+03	
   1.2720000000000000e+03	   8.5100000000000000e+02	   7.6900463867187500e+03	
   2.0000000000000000e+03	   5.7700000000000000e+02	   7.6861821289062500e+03	
   2.1720000000000000e+03	   6.4700000000000000e+02	   7.6627880859375000e+03	
   1.6530000000000000e+03	   7.4900000000000000e+02	   7.6510810546875000e+03	
   1.3410000000000000e+03	   9.7400000000000000e+02	   7.6456552734375000e+03	
   2.2700000000000000e+03	   4.6200000000000000e+02	   7.6167241210937500e+03	
   3.6630000000000000e+03	   8.9000000000000000e+02	   7.5771694335937500e+03	
   2.1190000000000000e+03	   5.2800000000000000e+02	   7.5458012695312500e+03	
   3.7030000000000000e+03	   8.4000000000000000e+02	   7.5366289062500000e+03	
   3.5080000000000000e+03	   5.2700000000000000e+02	   7.5201147460937500e+03	
   2.4020000000000000e+03	   5.8200000000000000e+02	   7.4938173828125000e+03	
   1.7310000000000000e+03	   9.6400000000000000e+02	   7.4929843750000000e+03	
   2.2270000000000000e+03	   5.1600000000000000e+02	   7.4632597656250000e+03	
   1.5570000000000000e+03	   6.6400000000000000e+02	   7.4462333984375000e+03	
   1.2660000000000000e+03	   8.9800000000000000e+02	   7.4337763671875000e+03	
   1.3030000000000000e+03	   9.1400000000000000e+02	   7.4023471679687500e+03	
   1.0900000000000000e+03	   6.2700000000000000e+02	   7.4015888671875000e+03	
   3.4920000000000000e+03	   5.0900000000000000e+02	   7.3892182617187500e+03	
   1.9220000000000000e+03	   5.7700000000000000e+02	   7.3852919921875000e+03	
   2.2440000000000000e+03	   5.9900000000000000e+02	   7.3747089843750000e+03	
   2.0030000000000000e+03	   5.5200000000000000e+02	   7.3516855468750000e+03	
   3.4210000000000000e+03	   8.0800000000000000e+02	   7.3456381835937500e+03	
   1.4300000000000000e+03	   9.4700000000000000e+02	   7.3420395507812500e+03	
   3.5080000000000000e+03	   3.6400000000000000e+02	   7.3384306640625000e+03	
   3.4070000000000000e+03	   8.0100000000000000e+02	   7.3201308593750000e+03	
   2.0850000000000000e+03	   5.2000000000000000e+02	   7.3145771484375000e+03	
   1.9430000000000000e+03	   5.3700000000000000e+02	   7.3062968750000000e+03	
   1.0510000000000000e+03	   5.8800000000000000e+02	   7.2419086914062500e+03	
   2.1670000000000000e+03	   5.7100000000000000e+02	   7.2173383789062500e+03	
   3.4680000000000000e+03	   3.7900000000000000e+02	   7.2010473632812500e+03	
   3.4080000000000000e+03	   8.1800000000000000e+02	   7.1956777343750000e+03	
   1.6570000000000000e+03	   7.3700000000000000e+02	   7.1630708007812500e+03	
   2.2690000000000000e+03	   4.5100000000000000e+02	   7.1486489257812500e+03	
   1.5550000000000000e+03	   7.3100000000000000e+02	   7.1477451171875000e+03	
   3.5040000000000000e+03	   3.9600000000000000e+02	   7.1422656250000000e+03	
   1.5510000000000000e+03	   6.8700000000000000e+02	   7.1349248046875000e+03	
   3.5660000000000000e+03	   1.2600000000000000e+03	   7.1315083007812500e+03	
   1.6030000000000000e+03	   9.2800000000000000e+02	   7.0751752929687500e+03	
   1.6920000000000000e+03	   7.5500000000000000e+02	   7.0530024414062500e+03	
   1.5570000000000000e+03	   1.0000000000000000e+03	   7.0257495117187500e+03	
   2.3450000000000000e+03	   4.5600000000000000e+02	   7.0074252929687500e+03	
   3.6050000000000000e+03	   7.9800000000000000e+02	   7.0070229492187500e+03	
   1.6600000000000000e+03	   8.4300000000000000e+02	   6.9657128906250000e+03	
   3.5090000000000000e+03	   4.6100000000000000e+02	   6.9648828125000000e+03	
   1.6800000000000000e+03	   6.6000000000000000e+02	   6.9544287109375000e+03	
   1.7750000000000000e+03	   8.1200000000000000e+02	   6.9510507812500000e+03	
   3.5210000000000000e+03	   1.0110000000000000e+03	   6.8928217773437500e+03	
   2.0930000000000000e+03	   5.3300000000000000e+02	   6.8717519531250000e+03	
   3.5190000000000000e+03	   2.9500000000000000e+02	   6.8700253906250000e+03	
   1.0760000000000000e+03	   6.4500000000000000e+02	   6.8584526367187500e+03	
   2.2110000000000000e+03	   6.9000000000000000e+02	   6.8512172851562500e+03	
   2.4260000000000000e+03	   5.4100000000000000e+02	   6.8007709960937500e+03	
   3.6730000000000000e+03	   6.5300000000000000e+02	   6.7489282226562500e+03	
   1.4850000000000000e+03	   8.0800000000000000e+02	   6.7247377929687500e+03	
   1.3580000000000000e+03	   9.7200000000000000e+02	   6.6948588867187500e+03	
   2.0800000000000000e+03	   5.3300000000000000e+02	   6.6863847656250000e+03	

