348
304 918 34477.2105
602 359 33728.3757
507 491 31159.7082
647 763 29966.6684
540 807 28572.9936
596 787 28017.7823
439 849 27623.0559
416 617 27243.3384
345 888 26001.1578
410 541 25400.0411
306 917 24542.2920
657 330 24129.8410
565 543 24021.9773
464 593 23660.9777
346 347 23537.8686
634 680 22347.0071
444 366 22340.9196
330 736 20112.1546
669 281 19001.4847
493 829 17734.9922
689 656 17422.3271
626 597 17381.9083
688 588 16551.1905
673 490 16360.4307
362 278 16311.2326
713 751 15382.7024
547 158 13662.4457
397 899 13042.1236
672 425 12975.0581
638 174 12888.0774
642 99 12453.2810
445 880 11783.6249
492 861 11775.8219
268 337 11667.7370
425 217 11540.7211
268 337 10819.0073
320 931 10729.4999
451 221 10225.0934
357 263 10198.1450
702 512 10041.4149
694 430 9833.5353
663 190 9763.9699
279 811 9608.6523
346 920 9589.4132
282 866 9258.0911
655 267 9190.8252
643 97 9067.9949
659 116 8929.6631
693 432 8777.0263
451 202 8274.8983
701 514 8056.3630
366 912 7962.3921
662 111 7920.7985
303 919 7787.7892
643 189 7505.5643
263 517 7413.7040
661 345 7401.3931
375 901 7185.5106
665 141 7184.7133
461 874 7127.4948
480 154 7061.4172
333 277 7044.2645
406 266 7022.0013
332 927 7019.2336
562 148 6916.0717
499 206 6879.8002
450 847 6646.3911
696 450 6614.3684
345 244 6498.8183
439 242 6489.9348
709 597 6487.5328
711 596 6335.7617
667 193 6216.5447
453 836 6163.0976
356 886 6074.9941
599 141 6062.6206
677 270 5835.5336
406 866 5772.8581
660 751 5685.8675
697 455 5541.6454
414 893 5382.4503
684 593 5378.3368
318 322 5364.8829
411 247 5338.6928
272 639 5277.0446
704 532 5177.8052
359 876 5102.6216
657 761 5096.3824
422 240 4980.2790
402 233 4938.2069
278 793 4873.8515
552 110 4743.9766
283 310 4644.2722
290 455 4585.0886
685 351 4554.4475
694 428 4541.0518
476 184 4516.8501
450 844 4487.7687
714 679 4478.8792
281 788 4470.5991
308 748 4413.4653
686 350 4400.5702
678 505 4392.0771
631 804 4354.6249
369 254 4322.9815
323 262 4319.1667
509 183 4155.5937
650 610 3979.4602
553 106 3952.5012
375 430 3927.8377
310 829 3895.8411
694 671 3890.7405
300 599 3879.5214
651 273 3848.6758
640 148 3816.9920
409 201 3799.6533
713 619 3786.2179
502 143 3778.9100
481 528 3777.4679
295 302 3775.7430
576 808 3757.7768
383 245 3693.6418
427 193 3673.0739
701 536 3646.4820
359 825 3608.7045
375 228 3590.4538
387 577 3554.8753
625 533 3507.6390
532 826 3491.7592
698 510 3491.2464
687 373 3391.0609
720 705 3360.1974
588 803 3354.9232
486 221 3352.0644
494 173 3350.1123
502 139 3306.2728
597 105 3288.8646
377 222 3222.5839
495 683 3213.8592
285 737 3205.2793
275 654 3163.6150
326 384 3121.4356
554 795 3079.8813
392 281 3019.6132
427 189 2987.3389
602 122 2926.2124
306 329 2921.1768
293 608 2918.8048
677 268 2904.1849
320 260 2834.3570
437 865 2808.6062
680 765 2808.1064
615 113 2794.8040
566 502 2789.9976
692 760 2773.8953
575 592 2749.6655
317 373 2706.1780
315 845 2684.1319
485 823 2681.7218
612 66 2639.1310
430 887 2608.8621
556 132 2580.4899
550 805 2552.7200
632 785 2549.1020
578 89 2529.3435
585 156 2508.8745
460 488 2499.3322
395 273 2474.7737
462 193 2465.0995
488 213 2446.9956
347 300 2438.9917
620 491 2388.4662
665 332 2353.3245
589 780 2335.7690
375 962 2330.5280
468 378 2330.2579
387 864 2324.6980
301 680 2301.6213
282 467 2287.8163
420 872 2276.0457
489 792 2248.4863
615 113 2165.7669
683 294 2163.7608
270 596 2159.6465
337 528 2090.2749
588 622 2073.0882
693 736 2051.5423
352 971 2035.0526
302 756 2026.8590
395 954 2024.8285
400 359 2005.4575
414 225 1931.4022
415 332 1928.9345
259 425 1912.9313
578 643 1901.2193
694 637 1864.4428
473 635 1853.9828
422 944 1774.7757
611 404 1772.6290
632 120 1765.9446
291 611 1734.3139
534 184 1721.6627
364 966 1699.2025
578 827 1696.3632
682 493 1657.1658
757 803 1618.7522
644 726 1593.9747
317 307 1577.1520
286 889 1574.9199
277 715 1560.4204
347 305 1536.0984
635 637 1523.7656
470 568 1512.5208
696 692 1471.8339
347 861 1435.3433
407 862 1420.4857
719 736 1381.4548
284 464 1368.0282
658 759 1337.2978
637 659 1329.3501
705 559 1255.0596
259 619 1251.2002
406 435 1244.0402
292 534 1239.4149
608 779 1226.8689
356 884 1195.1190
331 287 1192.4194
261 454 1179.5127
450 933 1177.1904
667 431 1173.9077
617 100 1168.5811
268 569 1155.1435
429 887 1152.7931
281 730 1136.6791
536 900 1121.4657
280 837 1099.5081
680 292 1093.2408
474 924 1065.0170
664 160 1048.4860
666 387 1039.2860
313 422 1028.3056
493 917 1025.5166
560 440 1024.1226
507 163 1018.7605
615 870 1002.7787
273 702 1000.6766
683 319 993.4069
332 927 978.9886
647 176 974.8887
555 893 971.5305
491 843 937.6619
687 783 928.3751
374 891 906.2689
649 231 891.5529
468 924 885.1740
578 884 874.1946
646 186 803.4171
634 863 791.8844
673 848 783.5331
409 967 783.0213
424 657 748.2773
264 543 726.0097
674 244 719.7905
514 909 707.2474
425 910 660.3876
627 830 656.6437
505 821 654.1817
278 741 636.5780
437 248 627.7067
595 216 625.6339
246 344 617.0915
748 819 606.1129
683 552 598.3173
510 928 597.7253
666 845 596.9890
680 503 596.1158
487 937 594.1582
513 907 557.9447
750 820 542.1829
551 803 521.6923
214 315 517.8627
529 921 505.8751
698 484 502.0440
731 692 499.7792
283 310 498.8731
262 386 479.9372
368 254 467.0594
714 521 461.5435
706 441 460.3503
576 903 440.9206
335 907 436.4025
284 862 414.7419
662 852 412.5092
615 888 390.3150
723 607 385.4606
681 202 383.3817
655 873 380.8847
424 941 379.1212
698 658 365.0826
665 849 359.8585
703 641 357.1393
578 882 337.8264
510 447 337.2875
260 355 334.8872
492 915 327.4513
634 881 326.9253
554 891 322.4766
705 834 321.4151
724 335 321.3828
406 964 319.4959
704 836 308.9305
588 147 308.8194
698 360 275.9801
642 726 270.7384
774 724 268.1354
316 491 239.9784
602 873 224.5617
276 758 218.2563
395 270 215.8708
307 832 210.1052
744 642 201.5299
387 886 199.4133
702 69 196.6762
297 875 182.9280
752 539 174.8495
710 204 172.3440
272 523 167.5805
728 400 165.2216
740 599 160.1268
714 651 149.7901
462 193 148.8842
729 501 145.0518
476 868 145.0357
766 642 145.0012
734 425 142.8183
606 316 141.4389
755 776 139.6710
290 547 139.5130
270 493 139.0756
733 549 131.9839
767 673 130.5410
767 660 125.7197
306 843 117.5313
489 210 110.8522
525 848 110.6388
394 952 108.3420
247 707 102.4481
759 669 100.2152
