196
103 94 954.4372
103 105 954.4372
103 194 954.4372
103 205 954.4372
103 294 954.4372
103 305 954.4372
103 394 954.4372
103 405 954.4372
103 494 954.4372
103 505 954.4372
103 594 954.4372
103 605 954.4372
103 694 954.4372
103 705 954.4372
203 94 954.4372
203 105 954.4372
203 194 954.4372
203 205 954.4372
203 294 954.4372
203 305 954.4372
203 394 954.4372
203 405 954.4372
203 494 954.4372
203 505 954.4372
203 594 954.4372
203 605 954.4372
203 694 954.4372
203 705 954.4372
303 94 954.4372
303 105 954.4372
303 194 954.4372
303 205 954.4372
303 294 954.4372
303 305 954.4372
303 394 954.4372
303 405 954.4372
303 494 954.4372
303 505 954.4372
303 594 954.4372
303 605 954.4372
303 694 954.4372
303 705 954.4372
403 94 954.4372
403 105 954.4372
403 194 954.4372
403 205 954.4372
403 294 954.4372
403 305 954.4372
403 394 954.4372
403 405 954.4372
403 494 954.4372
403 505 954.4372
403 594 954.4372
403 605 954.4372
403 694 954.4372
403 705 954.4372
503 94 954.4372
503 105 954.4372
503 194 954.4372
503 205 954.4372
503 294 954.4372
503 305 954.4372
503 394 954.4372
503 405 954.4372
503 494 954.4372
503 505 954.4372
503 594 954.4372
503 605 954.4372
503 694 954.4372
503 705 954.4372
603 94 954.4372
603 105 954.4372
603 194 954.4372
603 205 954.4372
603 294 954.4372
603 305 954.4372
603 394 954.4372
603 405 954.4372
603 494 954.4372
603 505 954.4372
603 594 954.4372
603 605 954.4372
603 694 954.4372
603 705 954.4372
703 94 954.4372
703 105 954.4372
703 194 954.4372
703 205 954.4372
703 294 954.4372
703 305 954.4372
703 394 954.4372
703 405 954.4372
703 494 954.4372
703 505 954.4372
703 594 954.4372
703 605 954.4372
703 694 954.4372
703 705 954.4372
114 94 718.8916
114 105 718.8916
114 194 718.8916
114 205 718.8916
114 294 718.8916
114 305 718.8916
114 394 718.8916
114 405 718.8916
114 494 718.8916
114 505 718.8916
114 594 718.8916
114 605 718.8916
114 694 718.8916
114 705 718.8916
214 94 718.8916
214 105 718.8916
214 194 718.8916
214 205 718.8916
214 294 718.8916
214 305 718.8916
214 394 718.8916
214 405 718.8916
214 494 718.8916
214 505 718.8916
214 594 718.8916
214 605 718.8916
214 694 718.8916
214 705 718.8916
314 94 718.8916
314 105 718.8916
314 194 718.8916
314 205 718.8916
314 294 718.8916
314 305 718.8916
314 394 718.8916
314 405 718.8916
314 494 718.8916
314 505 718.8916
314 594 718.8916
314 605 718.8916
314 694 718.8916
314 705 718.8916
414 94 718.8916
414 105 718.8916
414 194 718.8916
414 205 718.8916
414 294 718.8916
414 305 718.8916
414 394 718.8916
414 405 718.8916
414 494 718.8916
414 505 718.8916
414 594 718.8916
414 605 718.8916
414 694 718.8916
414 705 718.8916
514 94 718.8916
514 105 718.8916
514 194 718.8916
514 205 718.8916
514 294 718.8916
514 305 718.8916
514 394 718.8916
514 405 718.8916
514 494 718.8916
514 505 718.8916
514 594 718.8916
514 605 718.8916
514 694 718.8916
514 705 718.8916
614 94 718.8916
614 105 718.8916
614 194 718.8916
614 205 718.8916
614 294 718.8916
614 305 718.8916
614 394 718.8916
614 405 718.8916
614 494 718.8916
614 505 718.8916
614 594 718.8916
614 605 718.8916
614 694 718.8916
614 705 718.8916
714 94 718.8916
714 105 718.8916
714 194 718.8916
714 205 718.8916
714 294 718.8916
714 305 718.8916
714 394 718.8916
714 405 718.8916
714 494 718.8916
714 505 718.8916
714 594 718.8916
714 605 718.8916
714 694 718.8916
714 705 718.8916
